              precision    recall  f1-score   support

           0     0.9493    0.9678    0.9585      6903
           1     0.9504    0.9624    0.9564      7877
           2     0.9151    0.8959    0.9054      6990
           3     0.9028    0.8727    0.8875      7141
           4     0.9216    0.9179    0.9198      6824
           5     0.8772    0.8500    0.8634      6313
           6     0.9316    0.9523    0.9418      6876
           7     0.9362    0.9228    0.9294      7293
           8     0.8508    0.8721    0.8613      6825
           9     0.8710    0.8902    0.8805      6958

    accuracy                         0.9116     70000
   macro avg     0.9106    0.9104    0.9104     70000
weighted avg     0.9116    0.9116    0.9115     70000
