              precision    recall  f1-score   support

           0     0.7996    0.8144    0.8069      7000
           1     0.9729    0.9501    0.9614      7000
           2     0.7055    0.7601    0.7318      7000
           3     0.7454    0.8760    0.8054      7000
           4     0.7491    0.6951    0.7211      7000
           5     0.9144    0.9299    0.9221      7000
           6     0.6625    0.5324    0.5904      7000
           7     0.9259    0.8859    0.9055      7000
           8     0.9136    0.9400    0.9266      7000
           9     0.9321    0.9489    0.9404      7000

    accuracy                         0.8333     70000
   macro avg     0.8321    0.8333    0.8312     70000
weighted avg     0.8321    0.8333    0.8312     70000
